[
    [
        [
            [
                -0.9939503,
                -0.03950024,
                0.10248183,
                -0.14961497
            ],
            [
                0.02270801,
                -0.98683595,
                -0.16012228,
                1.85014322
            ],
            [
                0.10745762,
                -0.15682643,
                0.98176287,
                -3.9282198
            ],
            [
                0,
                0,
                0,
                1
            ]
        ],
        [
            [
                0.54285377,
                -0.28281817,
                0.79077254,
                -2.65024317
            ],
            [
                0.01499845,
                -0.93816215,
                -0.34582666,
                1.86244479
            ],
            [
                0.83968532,
                0.19959156,
                -0.50503787,
                1.82038517
            ],
            [
                0.0,
                0.0,
                0.0,
                1.0
            ]
        ],
        [
            [
                0.56487919,
                0.32439232,
                -0.75873528,
                3.71676524
            ],
            [
                0.04687117,
                -0.93060586,
                -0.36297643,
                1.96869398
            ],
            [
                -0.82382832,
                0.16947774,
                -0.54088989,
                1.07754278
            ],
            [
                0.0,
                0.0,
                0.0,
                1.0
            ]
        ]
    ],
    [
        [
            [
                -0.9939503,
                -0.03950024,
                0.10248183,
                -0.14961497
            ],
            [
                0.02270801,
                -0.98683595,
                -0.16012228,
                1.85014322
            ],
            [
                0.10745762,
                -0.15682643,
                0.98176287,
                -3.9282198
            ],
            [
                0,
                0,
                0,
                1
            ]
        ],
        [
            [
                0.54285377,
                -0.28281817,
                0.79077254,
                -2.65024317
            ],
            [
                0.01499845,
                -0.93816215,
                -0.34582666,
                1.86244479
            ],
            [
                0.83968532,
                0.19959156,
                -0.50503787,
                1.82038517
            ],
            [
                0.0,
                0.0,
                0.0,
                1.0
            ]
        ],
        [
            [
                0.56487919,
                0.32439232,
                -0.75873528,
                3.71676524
            ],
            [
                0.04687117,
                -0.93060586,
                -0.36297643,
                1.96869398
            ],
            [
                -0.82382832,
                0.16947774,
                -0.54088989,
                1.07754278
            ],
            [
                0.0,
                0.0,
                0.0,
                1.0
            ]
        ]
    ],
    [
        [
            [
                -0.9939503,
                -0.03950024,
                0.10248183,
                -0.14961497
            ],
            [
                0.02270801,
                -0.98683595,
                -0.16012228,
                1.85014322
            ],
            [
                0.10745762,
                -0.15682643,
                0.98176287,
                -3.9282198
            ],
            [
                0,
                0,
                0,
                1
            ]
        ],
        [
            [
                0.54285377,
                -0.28281817,
                0.79077254,
                -2.65024317
            ],
            [
                0.01499845,
                -0.93816215,
                -0.34582666,
                1.86244479
            ],
            [
                0.83968532,
                0.19959156,
                -0.50503787,
                1.82038517
            ],
            [
                0.0,
                0.0,
                0.0,
                1.0
            ]
        ],
        [
            [
                0.56487919,
                0.32439232,
                -0.75873528,
                3.71676524
            ],
            [
                0.04687117,
                -0.93060586,
                -0.36297643,
                1.96869398
            ],
            [
                -0.82382832,
                0.16947774,
                -0.54088989,
                1.07754278
            ],
            [
                0.0,
                0.0,
                0.0,
                1.0
            ]
        ]
    ],
    [
        [
            [
                -0.9939503,
                -0.03950024,
                0.10248183,
                -0.14961497
            ],
            [
                0.02270801,
                -0.98683595,
                -0.16012228,
                1.85014322
            ],
            [
                0.10745762,
                -0.15682643,
                0.98176287,
                -3.9282198
            ],
            [
                0,
                0,
                0,
                1
            ]
        ],
        [
            [
                0.54285377,
                -0.28281817,
                0.79077254,
                -2.65024317
            ],
            [
                0.01499845,
                -0.93816215,
                -0.34582666,
                1.86244479
            ],
            [
                0.83968532,
                0.19959156,
                -0.50503787,
                1.82038517
            ],
            [
                0.0,
                0.0,
                0.0,
                1.0
            ]
        ],
        [
            [
                0.56487919,
                0.32439232,
                -0.75873528,
                3.71676524
            ],
            [
                0.04687117,
                -0.93060586,
                -0.36297643,
                1.96869398
            ],
            [
                -0.82382832,
                0.16947774,
                -0.54088989,
                1.07754278
            ],
            [
                0.0,
                0.0,
                0.0,
                1.0
            ]
        ]
    ],
    [
        [
            [
                -0.9939503,
                -0.03950024,
                0.10248183,
                -0.14961497
            ],
            [
                0.02270801,
                -0.98683595,
                -0.16012228,
                1.85014322
            ],
            [
                0.10745762,
                -0.15682643,
                0.98176287,
                -3.9282198
            ],
            [
                0,
                0,
                0,
                1
            ]
        ],
        [
            [
                0.54285377,
                -0.28281817,
                0.79077254,
                -2.65024317
            ],
            [
                0.01499845,
                -0.93816215,
                -0.34582666,
                1.86244479
            ],
            [
                0.83968532,
                0.19959156,
                -0.50503787,
                1.82038517
            ],
            [
                0.0,
                0.0,
                0.0,
                1.0
            ]
        ],
        [
            [
                0.56487919,
                0.32439232,
                -0.75873528,
                3.71676524
            ],
            [
                0.04687117,
                -0.93060586,
                -0.36297643,
                1.96869398
            ],
            [
                -0.82382832,
                0.16947774,
                -0.54088989,
                1.07754278
            ],
            [
                0.0,
                0.0,
                0.0,
                1.0
            ]
        ]
    ],
    [
        [
            [
                -0.9939503,
                -0.03950024,
                0.10248183,
                -0.14961497
            ],
            [
                0.02270801,
                -0.98683595,
                -0.16012228,
                1.85014322
            ],
            [
                0.10745762,
                -0.15682643,
                0.98176287,
                -3.9282198
            ],
            [
                0,
                0,
                0,
                1
            ]
        ],
        [
            [
                0.54285377,
                -0.28281817,
                0.79077254,
                -2.65024317
            ],
            [
                0.01499845,
                -0.93816215,
                -0.34582666,
                1.86244479
            ],
            [
                0.83968532,
                0.19959156,
                -0.50503787,
                1.82038517
            ],
            [
                0.0,
                0.0,
                0.0,
                1.0
            ]
        ],
        [
            [
                0.56487919,
                0.32439232,
                -0.75873528,
                3.71676524
            ],
            [
                0.04687117,
                -0.93060586,
                -0.36297643,
                1.96869398
            ],
            [
                -0.82382832,
                0.16947774,
                -0.54088989,
                1.07754278
            ],
            [
                0.0,
                0.0,
                0.0,
                1.0
            ]
        ]
    ],
    [
        [
            [
                -0.9939503,
                -0.03950024,
                0.10248183,
                -0.14961497
            ],
            [
                0.02270801,
                -0.98683595,
                -0.16012228,
                1.85014322
            ],
            [
                0.10745762,
                -0.15682643,
                0.98176287,
                -3.9282198
            ],
            [
                0,
                0,
                0,
                1
            ]
        ],
        [
            [
                0.54285377,
                -0.28281817,
                0.79077254,
                -2.65024317
            ],
            [
                0.01499845,
                -0.93816215,
                -0.34582666,
                1.86244479
            ],
            [
                0.83968532,
                0.19959156,
                -0.50503787,
                1.82038517
            ],
            [
                0.0,
                0.0,
                0.0,
                1.0
            ]
        ],
        [
            [
                0.56487919,
                0.32439232,
                -0.75873528,
                3.71676524
            ],
            [
                0.04687117,
                -0.93060586,
                -0.36297643,
                1.96869398
            ],
            [
                -0.82382832,
                0.16947774,
                -0.54088989,
                1.07754278
            ],
            [
                0.0,
                0.0,
                0.0,
                1.0
            ]
        ]
    ],
    [
        [
            [
                -0.9939503,
                -0.03950024,
                0.10248183,
                -0.14961497
            ],
            [
                0.02270801,
                -0.98683595,
                -0.16012228,
                1.85014322
            ],
            [
                0.10745762,
                -0.15682643,
                0.98176287,
                -3.9282198
            ],
            [
                0,
                0,
                0,
                1
            ]
        ],
        [
            [
                0.54285377,
                -0.28281817,
                0.79077254,
                -2.65024317
            ],
            [
                0.01499845,
                -0.93816215,
                -0.34582666,
                1.86244479
            ],
            [
                0.83968532,
                0.19959156,
                -0.50503787,
                1.82038517
            ],
            [
                0.0,
                0.0,
                0.0,
                1.0
            ]
        ],
        [
            [
                0.56487919,
                0.32439232,
                -0.75873528,
                3.71676524
            ],
            [
                0.04687117,
                -0.93060586,
                -0.36297643,
                1.96869398
            ],
            [
                -0.82382832,
                0.16947774,
                -0.54088989,
                1.07754278
            ],
            [
                0.0,
                0.0,
                0.0,
                1.0
            ]
        ]
    ],
    [
        [
            [
                -0.9939503,
                -0.03950024,
                0.10248183,
                -0.14961497
            ],
            [
                0.02270801,
                -0.98683595,
                -0.16012228,
                1.85014322
            ],
            [
                0.10745762,
                -0.15682643,
                0.98176287,
                -3.9282198
            ],
            [
                0,
                0,
                0,
                1
            ]
        ],
        [
            [
                0.54285377,
                -0.28281817,
                0.79077254,
                -2.65024317
            ],
            [
                0.01499845,
                -0.93816215,
                -0.34582666,
                1.86244479
            ],
            [
                0.83968532,
                0.19959156,
                -0.50503787,
                1.82038517
            ],
            [
                0.0,
                0.0,
                0.0,
                1.0
            ]
        ],
        [
            [
                0.56487919,
                0.32439232,
                -0.75873528,
                3.71676524
            ],
            [
                0.04687117,
                -0.93060586,
                -0.36297643,
                1.96869398
            ],
            [
                -0.82382832,
                0.16947774,
                -0.54088989,
                1.07754278
            ],
            [
                0.0,
                0.0,
                0.0,
                1.0
            ]
        ]
    ],
    [
        [
            [
                -0.9939503,
                -0.03950024,
                0.10248183,
                -0.14961497
            ],
            [
                0.02270801,
                -0.98683595,
                -0.16012228,
                1.85014322
            ],
            [
                0.10745762,
                -0.15682643,
                0.98176287,
                -3.9282198
            ],
            [
                0,
                0,
                0,
                1
            ]
        ],
        [
            [
                0.54285377,
                -0.28281817,
                0.79077254,
                -2.65024317
            ],
            [
                0.01499845,
                -0.93816215,
                -0.34582666,
                1.86244479
            ],
            [
                0.83968532,
                0.19959156,
                -0.50503787,
                1.82038517
            ],
            [
                0.0,
                0.0,
                0.0,
                1.0
            ]
        ],
        [
            [
                0.56487919,
                0.32439232,
                -0.75873528,
                3.71676524
            ],
            [
                0.04687117,
                -0.93060586,
                -0.36297643,
                1.96869398
            ],
            [
                -0.82382832,
                0.16947774,
                -0.54088989,
                1.07754278
            ],
            [
                0.0,
                0.0,
                0.0,
                1.0
            ]
        ]
    ],
    [
        [
            [
                -0.9939503,
                -0.03950024,
                0.10248183,
                -0.14961497
            ],
            [
                0.02270801,
                -0.98683595,
                -0.16012228,
                1.85014322
            ],
            [
                0.10745762,
                -0.15682643,
                0.98176287,
                -3.9282198
            ],
            [
                0,
                0,
                0,
                1
            ]
        ],
        [
            [
                0.54285377,
                -0.28281817,
                0.79077254,
                -2.65024317
            ],
            [
                0.01499845,
                -0.93816215,
                -0.34582666,
                1.86244479
            ],
            [
                0.83968532,
                0.19959156,
                -0.50503787,
                1.82038517
            ],
            [
                0.0,
                0.0,
                0.0,
                1.0
            ]
        ],
        [
            [
                0.56487919,
                0.32439232,
                -0.75873528,
                3.71676524
            ],
            [
                0.04687117,
                -0.93060586,
                -0.36297643,
                1.96869398
            ],
            [
                -0.82382832,
                0.16947774,
                -0.54088989,
                1.07754278
            ],
            [
                0.0,
                0.0,
                0.0,
                1.0
            ]
        ]
    ],
    [
        [
            [
                -0.9939503,
                -0.03950024,
                0.10248183,
                -0.14961497
            ],
            [
                0.02270801,
                -0.98683595,
                -0.16012228,
                1.85014322
            ],
            [
                0.10745762,
                -0.15682643,
                0.98176287,
                -3.9282198
            ],
            [
                0,
                0,
                0,
                1
            ]
        ],
        [
            [
                0.54285377,
                -0.28281817,
                0.79077254,
                -2.65024317
            ],
            [
                0.01499845,
                -0.93816215,
                -0.34582666,
                1.86244479
            ],
            [
                0.83968532,
                0.19959156,
                -0.50503787,
                1.82038517
            ],
            [
                0.0,
                0.0,
                0.0,
                1.0
            ]
        ],
        [
            [
                0.56487919,
                0.32439232,
                -0.75873528,
                3.71676524
            ],
            [
                0.04687117,
                -0.93060586,
                -0.36297643,
                1.96869398
            ],
            [
                -0.82382832,
                0.16947774,
                -0.54088989,
                1.07754278
            ],
            [
                0.0,
                0.0,
                0.0,
                1.0
            ]
        ]
    ],
    [
        [
            [
                -0.9939503,
                -0.03950024,
                0.10248183,
                -0.14961497
            ],
            [
                0.02270801,
                -0.98683595,
                -0.16012228,
                1.85014322
            ],
            [
                0.10745762,
                -0.15682643,
                0.98176287,
                -3.9282198
            ],
            [
                0,
                0,
                0,
                1
            ]
        ],
        [
            [
                0.54285377,
                -0.28281817,
                0.79077254,
                -2.65024317
            ],
            [
                0.01499845,
                -0.93816215,
                -0.34582666,
                1.86244479
            ],
            [
                0.83968532,
                0.19959156,
                -0.50503787,
                1.82038517
            ],
            [
                0.0,
                0.0,
                0.0,
                1.0
            ]
        ],
        [
            [
                0.56487919,
                0.32439232,
                -0.75873528,
                3.71676524
            ],
            [
                0.04687117,
                -0.93060586,
                -0.36297643,
                1.96869398
            ],
            [
                -0.82382832,
                0.16947774,
                -0.54088989,
                1.07754278
            ],
            [
                0.0,
                0.0,
                0.0,
                1.0
            ]
        ]
    ],
    [
        [
            [
                -0.9939503,
                -0.03950024,
                0.10248183,
                -0.14961497
            ],
            [
                0.02270801,
                -0.98683595,
                -0.16012228,
                1.85014322
            ],
            [
                0.10745762,
                -0.15682643,
                0.98176287,
                -3.9282198
            ],
            [
                0,
                0,
                0,
                1
            ]
        ],
        [
            [
                0.54285377,
                -0.28281817,
                0.79077254,
                -2.65024317
            ],
            [
                0.01499845,
                -0.93816215,
                -0.34582666,
                1.86244479
            ],
            [
                0.83968532,
                0.19959156,
                -0.50503787,
                1.82038517
            ],
            [
                0.0,
                0.0,
                0.0,
                1.0
            ]
        ],
        [
            [
                0.56487919,
                0.32439232,
                -0.75873528,
                3.71676524
            ],
            [
                0.04687117,
                -0.93060586,
                -0.36297643,
                1.96869398
            ],
            [
                -0.82382832,
                0.16947774,
                -0.54088989,
                1.07754278
            ],
            [
                0.0,
                0.0,
                0.0,
                1.0
            ]
        ]
    ],
    [
        [
            [
                -0.9939503,
                -0.03950024,
                0.10248183,
                -0.14961497
            ],
            [
                0.02270801,
                -0.98683595,
                -0.16012228,
                1.85014322
            ],
            [
                0.10745762,
                -0.15682643,
                0.98176287,
                -3.9282198
            ],
            [
                0,
                0,
                0,
                1
            ]
        ],
        [
            [
                0.54285377,
                -0.28281817,
                0.79077254,
                -2.65024317
            ],
            [
                0.01499845,
                -0.93816215,
                -0.34582666,
                1.86244479
            ],
            [
                0.83968532,
                0.19959156,
                -0.50503787,
                1.82038517
            ],
            [
                0.0,
                0.0,
                0.0,
                1.0
            ]
        ],
        [
            [
                0.56487919,
                0.32439232,
                -0.75873528,
                3.71676524
            ],
            [
                0.04687117,
                -0.93060586,
                -0.36297643,
                1.96869398
            ],
            [
                -0.82382832,
                0.16947774,
                -0.54088989,
                1.07754278
            ],
            [
                0.0,
                0.0,
                0.0,
                1.0
            ]
        ]
    ],
    [
        [
            [
                -0.9939503,
                -0.03950024,
                0.10248183,
                -0.14961497
            ],
            [
                0.02270801,
                -0.98683595,
                -0.16012228,
                1.85014322
            ],
            [
                0.10745762,
                -0.15682643,
                0.98176287,
                -3.9282198
            ],
            [
                0,
                0,
                0,
                1
            ]
        ],
        [
            [
                0.54285377,
                -0.28281817,
                0.79077254,
                -2.65024317
            ],
            [
                0.01499845,
                -0.93816215,
                -0.34582666,
                1.86244479
            ],
            [
                0.83968532,
                0.19959156,
                -0.50503787,
                1.82038517
            ],
            [
                0.0,
                0.0,
                0.0,
                1.0
            ]
        ],
        [
            [
                0.56487919,
                0.32439232,
                -0.75873528,
                3.71676524
            ],
            [
                0.04687117,
                -0.93060586,
                -0.36297643,
                1.96869398
            ],
            [
                -0.82382832,
                0.16947774,
                -0.54088989,
                1.07754278
            ],
            [
                0.0,
                0.0,
                0.0,
                1.0
            ]
        ]
    ],
    [
        [
            [
                -0.9939503,
                -0.03950024,
                0.10248183,
                -0.14961497
            ],
            [
                0.02270801,
                -0.98683595,
                -0.16012228,
                1.85014322
            ],
            [
                0.10745762,
                -0.15682643,
                0.98176287,
                -3.9282198
            ],
            [
                0,
                0,
                0,
                1
            ]
        ],
        [
            [
                0.54285377,
                -0.28281817,
                0.79077254,
                -2.65024317
            ],
            [
                0.01499845,
                -0.93816215,
                -0.34582666,
                1.86244479
            ],
            [
                0.83968532,
                0.19959156,
                -0.50503787,
                1.82038517
            ],
            [
                0.0,
                0.0,
                0.0,
                1.0
            ]
        ],
        [
            [
                0.56487919,
                0.32439232,
                -0.75873528,
                3.71676524
            ],
            [
                0.04687117,
                -0.93060586,
                -0.36297643,
                1.96869398
            ],
            [
                -0.82382832,
                0.16947774,
                -0.54088989,
                1.07754278
            ],
            [
                0.0,
                0.0,
                0.0,
                1.0
            ]
        ]
    ],
    [
        [
            [
                -0.9939503,
                -0.03950024,
                0.10248183,
                -0.14961497
            ],
            [
                0.02270801,
                -0.98683595,
                -0.16012228,
                1.85014322
            ],
            [
                0.10745762,
                -0.15682643,
                0.98176287,
                -3.9282198
            ],
            [
                0,
                0,
                0,
                1
            ]
        ],
        [
            [
                0.54285377,
                -0.28281817,
                0.79077254,
                -2.65024317
            ],
            [
                0.01499845,
                -0.93816215,
                -0.34582666,
                1.86244479
            ],
            [
                0.83968532,
                0.19959156,
                -0.50503787,
                1.82038517
            ],
            [
                0.0,
                0.0,
                0.0,
                1.0
            ]
        ],
        [
            [
                0.56487919,
                0.32439232,
                -0.75873528,
                3.71676524
            ],
            [
                0.04687117,
                -0.93060586,
                -0.36297643,
                1.96869398
            ],
            [
                -0.82382832,
                0.16947774,
                -0.54088989,
                1.07754278
            ],
            [
                0.0,
                0.0,
                0.0,
                1.0
            ]
        ]
    ],
    [
        [
            [
                -0.9939503,
                -0.03950024,
                0.10248183,
                -0.14961497
            ],
            [
                0.02270801,
                -0.98683595,
                -0.16012228,
                1.85014322
            ],
            [
                0.10745762,
                -0.15682643,
                0.98176287,
                -3.9282198
            ],
            [
                0,
                0,
                0,
                1
            ]
        ],
        [
            [
                0.54285377,
                -0.28281817,
                0.79077254,
                -2.65024317
            ],
            [
                0.01499845,
                -0.93816215,
                -0.34582666,
                1.86244479
            ],
            [
                0.83968532,
                0.19959156,
                -0.50503787,
                1.82038517
            ],
            [
                0.0,
                0.0,
                0.0,
                1.0
            ]
        ],
        [
            [
                0.56487919,
                0.32439232,
                -0.75873528,
                3.71676524
            ],
            [
                0.04687117,
                -0.93060586,
                -0.36297643,
                1.96869398
            ],
            [
                -0.82382832,
                0.16947774,
                -0.54088989,
                1.07754278
            ],
            [
                0.0,
                0.0,
                0.0,
                1.0
            ]
        ]
    ],
    [
        [
            [
                -0.9939503,
                -0.03950024,
                0.10248183,
                -0.14961497
            ],
            [
                0.02270801,
                -0.98683595,
                -0.16012228,
                1.85014322
            ],
            [
                0.10745762,
                -0.15682643,
                0.98176287,
                -3.9282198
            ],
            [
                0,
                0,
                0,
                1
            ]
        ],
        [
            [
                0.54285377,
                -0.28281817,
                0.79077254,
                -2.65024317
            ],
            [
                0.01499845,
                -0.93816215,
                -0.34582666,
                1.86244479
            ],
            [
                0.83968532,
                0.19959156,
                -0.50503787,
                1.82038517
            ],
            [
                0.0,
                0.0,
                0.0,
                1.0
            ]
        ],
        [
            [
                0.56487919,
                0.32439232,
                -0.75873528,
                3.71676524
            ],
            [
                0.04687117,
                -0.93060586,
                -0.36297643,
                1.96869398
            ],
            [
                -0.82382832,
                0.16947774,
                -0.54088989,
                1.07754278
            ],
            [
                0.0,
                0.0,
                0.0,
                1.0
            ]
        ]
    ],
    [
        [
            [
                -0.9939503,
                -0.03950024,
                0.10248183,
                -0.14961497
            ],
            [
                0.02270801,
                -0.98683595,
                -0.16012228,
                1.85014322
            ],
            [
                0.10745762,
                -0.15682643,
                0.98176287,
                -3.9282198
            ],
            [
                0,
                0,
                0,
                1
            ]
        ],
        [
            [
                0.54285377,
                -0.28281817,
                0.79077254,
                -2.65024317
            ],
            [
                0.01499845,
                -0.93816215,
                -0.34582666,
                1.86244479
            ],
            [
                0.83968532,
                0.19959156,
                -0.50503787,
                1.82038517
            ],
            [
                0.0,
                0.0,
                0.0,
                1.0
            ]
        ],
        [
            [
                0.56487919,
                0.32439232,
                -0.75873528,
                3.71676524
            ],
            [
                0.04687117,
                -0.93060586,
                -0.36297643,
                1.96869398
            ],
            [
                -0.82382832,
                0.16947774,
                -0.54088989,
                1.07754278
            ],
            [
                0.0,
                0.0,
                0.0,
                1.0
            ]
        ]
    ],
    [
        [
            [
                -0.9939503,
                -0.03950024,
                0.10248183,
                -0.14961497
            ],
            [
                0.02270801,
                -0.98683595,
                -0.16012228,
                1.85014322
            ],
            [
                0.10745762,
                -0.15682643,
                0.98176287,
                -3.9282198
            ],
            [
                0,
                0,
                0,
                1
            ]
        ],
        [
            [
                0.54285377,
                -0.28281817,
                0.79077254,
                -2.65024317
            ],
            [
                0.01499845,
                -0.93816215,
                -0.34582666,
                1.86244479
            ],
            [
                0.83968532,
                0.19959156,
                -0.50503787,
                1.82038517
            ],
            [
                0.0,
                0.0,
                0.0,
                1.0
            ]
        ],
        [
            [
                0.56487919,
                0.32439232,
                -0.75873528,
                3.71676524
            ],
            [
                0.04687117,
                -0.93060586,
                -0.36297643,
                1.96869398
            ],
            [
                -0.82382832,
                0.16947774,
                -0.54088989,
                1.07754278
            ],
            [
                0.0,
                0.0,
                0.0,
                1.0
            ]
        ]
    ],
    [
        [
            [
                -0.9939503,
                -0.03950024,
                0.10248183,
                -0.14961497
            ],
            [
                0.02270801,
                -0.98683595,
                -0.16012228,
                1.85014322
            ],
            [
                0.10745762,
                -0.15682643,
                0.98176287,
                -3.9282198
            ],
            [
                0,
                0,
                0,
                1
            ]
        ],
        [
            [
                0.54285377,
                -0.28281817,
                0.79077254,
                -2.65024317
            ],
            [
                0.01499845,
                -0.93816215,
                -0.34582666,
                1.86244479
            ],
            [
                0.83968532,
                0.19959156,
                -0.50503787,
                1.82038517
            ],
            [
                0.0,
                0.0,
                0.0,
                1.0
            ]
        ],
        [
            [
                0.56487919,
                0.32439232,
                -0.75873528,
                3.71676524
            ],
            [
                0.04687117,
                -0.93060586,
                -0.36297643,
                1.96869398
            ],
            [
                -0.82382832,
                0.16947774,
                -0.54088989,
                1.07754278
            ],
            [
                0.0,
                0.0,
                0.0,
                1.0
            ]
        ]
    ],
    [
        [
            [
                -0.9939503,
                -0.03950024,
                0.10248183,
                -0.14961497
            ],
            [
                0.02270801,
                -0.98683595,
                -0.16012228,
                1.85014322
            ],
            [
                0.10745762,
                -0.15682643,
                0.98176287,
                -3.9282198
            ],
            [
                0,
                0,
                0,
                1
            ]
        ],
        [
            [
                0.54285377,
                -0.28281817,
                0.79077254,
                -2.65024317
            ],
            [
                0.01499845,
                -0.93816215,
                -0.34582666,
                1.86244479
            ],
            [
                0.83968532,
                0.19959156,
                -0.50503787,
                1.82038517
            ],
            [
                0.0,
                0.0,
                0.0,
                1.0
            ]
        ],
        [
            [
                0.56487919,
                0.32439232,
                -0.75873528,
                3.71676524
            ],
            [
                0.04687117,
                -0.93060586,
                -0.36297643,
                1.96869398
            ],
            [
                -0.82382832,
